{
 "cells": [
  {
   "cell_type": "code",
   "execution_count": 338,
   "id": "27febdc5",
   "metadata": {},
   "outputs": [],
   "source": [
    "import numpy as np\n",
    "import pandas as pd\n",
    "import yfinance as yf\n",
    "import matplotlib.pyplot as plt"
   ]
  },
  {
   "cell_type": "code",
   "execution_count": 339,
   "id": "3c65c50f",
   "metadata": {},
   "outputs": [
    {
     "name": "stderr",
     "output_type": "stream",
     "text": [
      "[*********************100%***********************]  15 of 15 completed\n"
     ]
    },
    {
     "data": {
      "text/html": [
       "<div>\n",
       "<style scoped>\n",
       "    .dataframe tbody tr th:only-of-type {\n",
       "        vertical-align: middle;\n",
       "    }\n",
       "\n",
       "    .dataframe tbody tr th {\n",
       "        vertical-align: top;\n",
       "    }\n",
       "\n",
       "    .dataframe thead th {\n",
       "        text-align: right;\n",
       "    }\n",
       "</style>\n",
       "<table border=\"1\" class=\"dataframe\">\n",
       "  <thead>\n",
       "    <tr style=\"text-align: right;\">\n",
       "      <th>Ticker</th>\n",
       "      <th>AAPL</th>\n",
       "      <th>AMZN</th>\n",
       "      <th>BRK-B</th>\n",
       "      <th>GOOGL</th>\n",
       "      <th>JNJ</th>\n",
       "      <th>JPM</th>\n",
       "      <th>MA</th>\n",
       "      <th>META</th>\n",
       "      <th>MSFT</th>\n",
       "      <th>NVDA</th>\n",
       "      <th>PG</th>\n",
       "      <th>TSLA</th>\n",
       "      <th>UNH</th>\n",
       "      <th>V</th>\n",
       "      <th>WMT</th>\n",
       "    </tr>\n",
       "    <tr>\n",
       "      <th>Date</th>\n",
       "      <th></th>\n",
       "      <th></th>\n",
       "      <th></th>\n",
       "      <th></th>\n",
       "      <th></th>\n",
       "      <th></th>\n",
       "      <th></th>\n",
       "      <th></th>\n",
       "      <th></th>\n",
       "      <th></th>\n",
       "      <th></th>\n",
       "      <th></th>\n",
       "      <th></th>\n",
       "      <th></th>\n",
       "      <th></th>\n",
       "    </tr>\n",
       "  </thead>\n",
       "  <tbody>\n",
       "    <tr>\n",
       "      <th>2022-01-03</th>\n",
       "      <td>178.103653</td>\n",
       "      <td>170.404495</td>\n",
       "      <td>300.790009</td>\n",
       "      <td>143.904221</td>\n",
       "      <td>152.576859</td>\n",
       "      <td>144.929520</td>\n",
       "      <td>361.819183</td>\n",
       "      <td>336.191620</td>\n",
       "      <td>323.898376</td>\n",
       "      <td>30.062769</td>\n",
       "      <td>146.320908</td>\n",
       "      <td>399.926666</td>\n",
       "      <td>469.479889</td>\n",
       "      <td>214.413986</td>\n",
       "      <td>45.765415</td>\n",
       "    </tr>\n",
       "    <tr>\n",
       "      <th>2022-01-04</th>\n",
       "      <td>175.843262</td>\n",
       "      <td>167.522003</td>\n",
       "      <td>308.529999</td>\n",
       "      <td>143.316635</td>\n",
       "      <td>152.167740</td>\n",
       "      <td>150.423721</td>\n",
       "      <td>366.149902</td>\n",
       "      <td>334.195526</td>\n",
       "      <td>318.344452</td>\n",
       "      <td>29.233374</td>\n",
       "      <td>146.832855</td>\n",
       "      <td>383.196655</td>\n",
       "      <td>458.843109</td>\n",
       "      <td>215.411392</td>\n",
       "      <td>44.926991</td>\n",
       "    </tr>\n",
       "    <tr>\n",
       "      <th>2022-01-05</th>\n",
       "      <td>171.165833</td>\n",
       "      <td>164.356995</td>\n",
       "      <td>309.920013</td>\n",
       "      <td>136.741837</td>\n",
       "      <td>153.181702</td>\n",
       "      <td>147.673691</td>\n",
       "      <td>364.696594</td>\n",
       "      <td>321.921326</td>\n",
       "      <td>306.123901</td>\n",
       "      <td>27.550627</td>\n",
       "      <td>147.497589</td>\n",
       "      <td>362.706665</td>\n",
       "      <td>457.712067</td>\n",
       "      <td>213.029312</td>\n",
       "      <td>45.534443</td>\n",
       "    </tr>\n",
       "    <tr>\n",
       "      <th>2022-01-06</th>\n",
       "      <td>168.308472</td>\n",
       "      <td>163.253998</td>\n",
       "      <td>313.220001</td>\n",
       "      <td>136.714523</td>\n",
       "      <td>152.656921</td>\n",
       "      <td>149.242569</td>\n",
       "      <td>361.366211</td>\n",
       "      <td>330.153748</td>\n",
       "      <td>303.704926</td>\n",
       "      <td>28.123522</td>\n",
       "      <td>146.257996</td>\n",
       "      <td>354.899994</td>\n",
       "      <td>438.980652</td>\n",
       "      <td>212.787216</td>\n",
       "      <td>45.407898</td>\n",
       "    </tr>\n",
       "    <tr>\n",
       "      <th>2022-01-07</th>\n",
       "      <td>168.474838</td>\n",
       "      <td>162.554001</td>\n",
       "      <td>319.779999</td>\n",
       "      <td>135.989502</td>\n",
       "      <td>154.720444</td>\n",
       "      <td>150.721298</td>\n",
       "      <td>361.024261</td>\n",
       "      <td>329.488403</td>\n",
       "      <td>303.859711</td>\n",
       "      <td>27.194324</td>\n",
       "      <td>146.177170</td>\n",
       "      <td>342.320007</td>\n",
       "      <td>428.652344</td>\n",
       "      <td>210.085617</td>\n",
       "      <td>45.841343</td>\n",
       "    </tr>\n",
       "  </tbody>\n",
       "</table>\n",
       "</div>"
      ],
      "text/plain": [
       "Ticker            AAPL        AMZN       BRK-B       GOOGL         JNJ  \\\n",
       "Date                                                                     \n",
       "2022-01-03  178.103653  170.404495  300.790009  143.904221  152.576859   \n",
       "2022-01-04  175.843262  167.522003  308.529999  143.316635  152.167740   \n",
       "2022-01-05  171.165833  164.356995  309.920013  136.741837  153.181702   \n",
       "2022-01-06  168.308472  163.253998  313.220001  136.714523  152.656921   \n",
       "2022-01-07  168.474838  162.554001  319.779999  135.989502  154.720444   \n",
       "\n",
       "Ticker             JPM          MA        META        MSFT       NVDA  \\\n",
       "Date                                                                    \n",
       "2022-01-03  144.929520  361.819183  336.191620  323.898376  30.062769   \n",
       "2022-01-04  150.423721  366.149902  334.195526  318.344452  29.233374   \n",
       "2022-01-05  147.673691  364.696594  321.921326  306.123901  27.550627   \n",
       "2022-01-06  149.242569  361.366211  330.153748  303.704926  28.123522   \n",
       "2022-01-07  150.721298  361.024261  329.488403  303.859711  27.194324   \n",
       "\n",
       "Ticker              PG        TSLA         UNH           V        WMT  \n",
       "Date                                                                   \n",
       "2022-01-03  146.320908  399.926666  469.479889  214.413986  45.765415  \n",
       "2022-01-04  146.832855  383.196655  458.843109  215.411392  44.926991  \n",
       "2022-01-05  147.497589  362.706665  457.712067  213.029312  45.534443  \n",
       "2022-01-06  146.257996  354.899994  438.980652  212.787216  45.407898  \n",
       "2022-01-07  146.177170  342.320007  428.652344  210.085617  45.841343  "
      ]
     },
     "execution_count": 339,
     "metadata": {},
     "output_type": "execute_result"
    }
   ],
   "source": [
    "# change to True to introduce market crash from covid\n",
    "COVID = False\n",
    "\n",
    "symbols = [\"AAPL\", \"MSFT\", \"GOOGL\", \"AMZN\", \"META\", \"NVDA\", \"TSLA\", \"BRK-B\", \"JPM\", \"V\", \"JNJ\", \"WMT\", \"PG\", \"MA\", \"UNH\"]\n",
    "start_date = \"2019-1-1\" if COVID else \"2022-01-01\"\n",
    "end_date = \"2026-01-01\"\n",
    "\n",
    "price_history = yf.download(symbols, start=start_date, end=end_date)['Close']\n",
    "price_history.head()"
   ]
  },
  {
   "cell_type": "code",
   "execution_count": 340,
   "id": "aafa442b",
   "metadata": {},
   "outputs": [
    {
     "name": "stdout",
     "output_type": "stream",
     "text": [
      "-----------------------------------\n",
      "⚠️ NOTE: using GEOMETRIC returns\n",
      "-----------------------------------\n",
      "Average daily returns (drift):\n"
     ]
    },
    {
     "data": {
      "text/plain": [
       "Ticker\n",
       "AAPL     0.000261\n",
       "AMZN     0.000026\n",
       "BRK-B    0.000450\n",
       "GOOGL    0.000564\n",
       "JNJ      0.000245\n",
       "JPM      0.000670\n",
       "MA       0.000349\n",
       "META     0.000239\n",
       "MSFT     0.000258\n",
       "NVDA     0.001254\n",
       "PG      -0.000092\n",
       "TSLA    -0.000637\n",
       "UNH     -0.000562\n",
       "V        0.000391\n",
       "WMT      0.000793\n",
       "dtype: float64"
      ]
     },
     "metadata": {},
     "output_type": "display_data"
    },
    {
     "name": "stdout",
     "output_type": "stream",
     "text": [
      "Covariance matrix:\n"
     ]
    },
    {
     "data": {
      "text/html": [
       "<div>\n",
       "<style scoped>\n",
       "    .dataframe tbody tr th:only-of-type {\n",
       "        vertical-align: middle;\n",
       "    }\n",
       "\n",
       "    .dataframe tbody tr th {\n",
       "        vertical-align: top;\n",
       "    }\n",
       "\n",
       "    .dataframe thead th {\n",
       "        text-align: right;\n",
       "    }\n",
       "</style>\n",
       "<table border=\"1\" class=\"dataframe\">\n",
       "  <thead>\n",
       "    <tr style=\"text-align: right;\">\n",
       "      <th>Ticker</th>\n",
       "      <th>AAPL</th>\n",
       "      <th>AMZN</th>\n",
       "      <th>BRK-B</th>\n",
       "      <th>GOOGL</th>\n",
       "      <th>JNJ</th>\n",
       "      <th>JPM</th>\n",
       "      <th>MA</th>\n",
       "      <th>META</th>\n",
       "      <th>MSFT</th>\n",
       "      <th>NVDA</th>\n",
       "      <th>PG</th>\n",
       "      <th>TSLA</th>\n",
       "      <th>UNH</th>\n",
       "      <th>V</th>\n",
       "      <th>WMT</th>\n",
       "    </tr>\n",
       "    <tr>\n",
       "      <th>Ticker</th>\n",
       "      <th></th>\n",
       "      <th></th>\n",
       "      <th></th>\n",
       "      <th></th>\n",
       "      <th></th>\n",
       "      <th></th>\n",
       "      <th></th>\n",
       "      <th></th>\n",
       "      <th></th>\n",
       "      <th></th>\n",
       "      <th></th>\n",
       "      <th></th>\n",
       "      <th></th>\n",
       "      <th></th>\n",
       "      <th></th>\n",
       "    </tr>\n",
       "  </thead>\n",
       "  <tbody>\n",
       "    <tr>\n",
       "      <th>AAPL</th>\n",
       "      <td>0.000320</td>\n",
       "      <td>0.000236</td>\n",
       "      <td>0.000097</td>\n",
       "      <td>0.000215</td>\n",
       "      <td>3.019764e-05</td>\n",
       "      <td>0.000111</td>\n",
       "      <td>0.000146</td>\n",
       "      <td>2.553016e-04</td>\n",
       "      <td>0.000189</td>\n",
       "      <td>0.000312</td>\n",
       "      <td>0.000055</td>\n",
       "      <td>0.000353</td>\n",
       "      <td>0.000049</td>\n",
       "      <td>0.000133</td>\n",
       "      <td>0.000072</td>\n",
       "    </tr>\n",
       "    <tr>\n",
       "      <th>AMZN</th>\n",
       "      <td>0.000236</td>\n",
       "      <td>0.000554</td>\n",
       "      <td>0.000100</td>\n",
       "      <td>0.000303</td>\n",
       "      <td>3.776258e-06</td>\n",
       "      <td>0.000145</td>\n",
       "      <td>0.000161</td>\n",
       "      <td>4.198357e-04</td>\n",
       "      <td>0.000265</td>\n",
       "      <td>0.000447</td>\n",
       "      <td>0.000026</td>\n",
       "      <td>0.000426</td>\n",
       "      <td>0.000043</td>\n",
       "      <td>0.000143</td>\n",
       "      <td>0.000084</td>\n",
       "    </tr>\n",
       "    <tr>\n",
       "      <th>BRK-B</th>\n",
       "      <td>0.000097</td>\n",
       "      <td>0.000100</td>\n",
       "      <td>0.000124</td>\n",
       "      <td>0.000081</td>\n",
       "      <td>4.723054e-05</td>\n",
       "      <td>0.000109</td>\n",
       "      <td>0.000096</td>\n",
       "      <td>1.000243e-04</td>\n",
       "      <td>0.000075</td>\n",
       "      <td>0.000105</td>\n",
       "      <td>0.000047</td>\n",
       "      <td>0.000124</td>\n",
       "      <td>0.000054</td>\n",
       "      <td>0.000090</td>\n",
       "      <td>0.000050</td>\n",
       "    </tr>\n",
       "    <tr>\n",
       "      <th>GOOGL</th>\n",
       "      <td>0.000215</td>\n",
       "      <td>0.000303</td>\n",
       "      <td>0.000081</td>\n",
       "      <td>0.000422</td>\n",
       "      <td>1.235062e-05</td>\n",
       "      <td>0.000111</td>\n",
       "      <td>0.000131</td>\n",
       "      <td>3.366217e-04</td>\n",
       "      <td>0.000219</td>\n",
       "      <td>0.000370</td>\n",
       "      <td>0.000025</td>\n",
       "      <td>0.000350</td>\n",
       "      <td>0.000044</td>\n",
       "      <td>0.000117</td>\n",
       "      <td>0.000054</td>\n",
       "    </tr>\n",
       "    <tr>\n",
       "      <th>JNJ</th>\n",
       "      <td>0.000030</td>\n",
       "      <td>0.000004</td>\n",
       "      <td>0.000047</td>\n",
       "      <td>0.000012</td>\n",
       "      <td>1.179765e-04</td>\n",
       "      <td>0.000037</td>\n",
       "      <td>0.000037</td>\n",
       "      <td>2.280534e-07</td>\n",
       "      <td>0.000010</td>\n",
       "      <td>-0.000042</td>\n",
       "      <td>0.000053</td>\n",
       "      <td>-0.000003</td>\n",
       "      <td>0.000050</td>\n",
       "      <td>0.000039</td>\n",
       "      <td>0.000031</td>\n",
       "    </tr>\n",
       "    <tr>\n",
       "      <th>JPM</th>\n",
       "      <td>0.000111</td>\n",
       "      <td>0.000145</td>\n",
       "      <td>0.000109</td>\n",
       "      <td>0.000111</td>\n",
       "      <td>3.689861e-05</td>\n",
       "      <td>0.000246</td>\n",
       "      <td>0.000118</td>\n",
       "      <td>1.449507e-04</td>\n",
       "      <td>0.000096</td>\n",
       "      <td>0.000190</td>\n",
       "      <td>0.000035</td>\n",
       "      <td>0.000213</td>\n",
       "      <td>0.000051</td>\n",
       "      <td>0.000113</td>\n",
       "      <td>0.000051</td>\n",
       "    </tr>\n",
       "    <tr>\n",
       "      <th>MA</th>\n",
       "      <td>0.000146</td>\n",
       "      <td>0.000161</td>\n",
       "      <td>0.000096</td>\n",
       "      <td>0.000131</td>\n",
       "      <td>3.745341e-05</td>\n",
       "      <td>0.000118</td>\n",
       "      <td>0.000208</td>\n",
       "      <td>1.797544e-04</td>\n",
       "      <td>0.000130</td>\n",
       "      <td>0.000206</td>\n",
       "      <td>0.000058</td>\n",
       "      <td>0.000191</td>\n",
       "      <td>0.000057</td>\n",
       "      <td>0.000179</td>\n",
       "      <td>0.000061</td>\n",
       "    </tr>\n",
       "    <tr>\n",
       "      <th>META</th>\n",
       "      <td>0.000255</td>\n",
       "      <td>0.000420</td>\n",
       "      <td>0.000100</td>\n",
       "      <td>0.000337</td>\n",
       "      <td>2.280534e-07</td>\n",
       "      <td>0.000145</td>\n",
       "      <td>0.000180</td>\n",
       "      <td>8.689920e-04</td>\n",
       "      <td>0.000296</td>\n",
       "      <td>0.000498</td>\n",
       "      <td>0.000031</td>\n",
       "      <td>0.000402</td>\n",
       "      <td>0.000012</td>\n",
       "      <td>0.000152</td>\n",
       "      <td>0.000074</td>\n",
       "    </tr>\n",
       "    <tr>\n",
       "      <th>MSFT</th>\n",
       "      <td>0.000189</td>\n",
       "      <td>0.000265</td>\n",
       "      <td>0.000075</td>\n",
       "      <td>0.000219</td>\n",
       "      <td>1.019080e-05</td>\n",
       "      <td>0.000096</td>\n",
       "      <td>0.000130</td>\n",
       "      <td>2.958750e-04</td>\n",
       "      <td>0.000283</td>\n",
       "      <td>0.000362</td>\n",
       "      <td>0.000038</td>\n",
       "      <td>0.000281</td>\n",
       "      <td>0.000044</td>\n",
       "      <td>0.000114</td>\n",
       "      <td>0.000058</td>\n",
       "    </tr>\n",
       "    <tr>\n",
       "      <th>NVDA</th>\n",
       "      <td>0.000312</td>\n",
       "      <td>0.000447</td>\n",
       "      <td>0.000105</td>\n",
       "      <td>0.000370</td>\n",
       "      <td>-4.156611e-05</td>\n",
       "      <td>0.000190</td>\n",
       "      <td>0.000206</td>\n",
       "      <td>4.980512e-04</td>\n",
       "      <td>0.000362</td>\n",
       "      <td>0.001134</td>\n",
       "      <td>0.000002</td>\n",
       "      <td>0.000625</td>\n",
       "      <td>0.000037</td>\n",
       "      <td>0.000182</td>\n",
       "      <td>0.000055</td>\n",
       "    </tr>\n",
       "    <tr>\n",
       "      <th>PG</th>\n",
       "      <td>0.000055</td>\n",
       "      <td>0.000026</td>\n",
       "      <td>0.000047</td>\n",
       "      <td>0.000025</td>\n",
       "      <td>5.346471e-05</td>\n",
       "      <td>0.000035</td>\n",
       "      <td>0.000058</td>\n",
       "      <td>3.085837e-05</td>\n",
       "      <td>0.000038</td>\n",
       "      <td>0.000002</td>\n",
       "      <td>0.000128</td>\n",
       "      <td>0.000020</td>\n",
       "      <td>0.000046</td>\n",
       "      <td>0.000055</td>\n",
       "      <td>0.000056</td>\n",
       "    </tr>\n",
       "    <tr>\n",
       "      <th>TSLA</th>\n",
       "      <td>0.000353</td>\n",
       "      <td>0.000426</td>\n",
       "      <td>0.000124</td>\n",
       "      <td>0.000350</td>\n",
       "      <td>-3.193960e-06</td>\n",
       "      <td>0.000213</td>\n",
       "      <td>0.000191</td>\n",
       "      <td>4.018760e-04</td>\n",
       "      <td>0.000281</td>\n",
       "      <td>0.000625</td>\n",
       "      <td>0.000020</td>\n",
       "      <td>0.001508</td>\n",
       "      <td>0.000068</td>\n",
       "      <td>0.000191</td>\n",
       "      <td>0.000103</td>\n",
       "    </tr>\n",
       "    <tr>\n",
       "      <th>UNH</th>\n",
       "      <td>0.000049</td>\n",
       "      <td>0.000043</td>\n",
       "      <td>0.000054</td>\n",
       "      <td>0.000044</td>\n",
       "      <td>5.023938e-05</td>\n",
       "      <td>0.000051</td>\n",
       "      <td>0.000057</td>\n",
       "      <td>1.158646e-05</td>\n",
       "      <td>0.000044</td>\n",
       "      <td>0.000037</td>\n",
       "      <td>0.000046</td>\n",
       "      <td>0.000068</td>\n",
       "      <td>0.000421</td>\n",
       "      <td>0.000062</td>\n",
       "      <td>0.000038</td>\n",
       "    </tr>\n",
       "    <tr>\n",
       "      <th>V</th>\n",
       "      <td>0.000133</td>\n",
       "      <td>0.000143</td>\n",
       "      <td>0.000090</td>\n",
       "      <td>0.000117</td>\n",
       "      <td>3.859230e-05</td>\n",
       "      <td>0.000113</td>\n",
       "      <td>0.000179</td>\n",
       "      <td>1.522752e-04</td>\n",
       "      <td>0.000114</td>\n",
       "      <td>0.000182</td>\n",
       "      <td>0.000055</td>\n",
       "      <td>0.000191</td>\n",
       "      <td>0.000062</td>\n",
       "      <td>0.000196</td>\n",
       "      <td>0.000054</td>\n",
       "    </tr>\n",
       "    <tr>\n",
       "      <th>WMT</th>\n",
       "      <td>0.000072</td>\n",
       "      <td>0.000084</td>\n",
       "      <td>0.000050</td>\n",
       "      <td>0.000054</td>\n",
       "      <td>3.140033e-05</td>\n",
       "      <td>0.000051</td>\n",
       "      <td>0.000061</td>\n",
       "      <td>7.394828e-05</td>\n",
       "      <td>0.000058</td>\n",
       "      <td>0.000055</td>\n",
       "      <td>0.000056</td>\n",
       "      <td>0.000103</td>\n",
       "      <td>0.000038</td>\n",
       "      <td>0.000054</td>\n",
       "      <td>0.000190</td>\n",
       "    </tr>\n",
       "  </tbody>\n",
       "</table>\n",
       "</div>"
      ],
      "text/plain": [
       "Ticker      AAPL      AMZN     BRK-B     GOOGL           JNJ       JPM  \\\n",
       "Ticker                                                                   \n",
       "AAPL    0.000320  0.000236  0.000097  0.000215  3.019764e-05  0.000111   \n",
       "AMZN    0.000236  0.000554  0.000100  0.000303  3.776258e-06  0.000145   \n",
       "BRK-B   0.000097  0.000100  0.000124  0.000081  4.723054e-05  0.000109   \n",
       "GOOGL   0.000215  0.000303  0.000081  0.000422  1.235062e-05  0.000111   \n",
       "JNJ     0.000030  0.000004  0.000047  0.000012  1.179765e-04  0.000037   \n",
       "JPM     0.000111  0.000145  0.000109  0.000111  3.689861e-05  0.000246   \n",
       "MA      0.000146  0.000161  0.000096  0.000131  3.745341e-05  0.000118   \n",
       "META    0.000255  0.000420  0.000100  0.000337  2.280534e-07  0.000145   \n",
       "MSFT    0.000189  0.000265  0.000075  0.000219  1.019080e-05  0.000096   \n",
       "NVDA    0.000312  0.000447  0.000105  0.000370 -4.156611e-05  0.000190   \n",
       "PG      0.000055  0.000026  0.000047  0.000025  5.346471e-05  0.000035   \n",
       "TSLA    0.000353  0.000426  0.000124  0.000350 -3.193960e-06  0.000213   \n",
       "UNH     0.000049  0.000043  0.000054  0.000044  5.023938e-05  0.000051   \n",
       "V       0.000133  0.000143  0.000090  0.000117  3.859230e-05  0.000113   \n",
       "WMT     0.000072  0.000084  0.000050  0.000054  3.140033e-05  0.000051   \n",
       "\n",
       "Ticker        MA          META      MSFT      NVDA        PG      TSLA  \\\n",
       "Ticker                                                                   \n",
       "AAPL    0.000146  2.553016e-04  0.000189  0.000312  0.000055  0.000353   \n",
       "AMZN    0.000161  4.198357e-04  0.000265  0.000447  0.000026  0.000426   \n",
       "BRK-B   0.000096  1.000243e-04  0.000075  0.000105  0.000047  0.000124   \n",
       "GOOGL   0.000131  3.366217e-04  0.000219  0.000370  0.000025  0.000350   \n",
       "JNJ     0.000037  2.280534e-07  0.000010 -0.000042  0.000053 -0.000003   \n",
       "JPM     0.000118  1.449507e-04  0.000096  0.000190  0.000035  0.000213   \n",
       "MA      0.000208  1.797544e-04  0.000130  0.000206  0.000058  0.000191   \n",
       "META    0.000180  8.689920e-04  0.000296  0.000498  0.000031  0.000402   \n",
       "MSFT    0.000130  2.958750e-04  0.000283  0.000362  0.000038  0.000281   \n",
       "NVDA    0.000206  4.980512e-04  0.000362  0.001134  0.000002  0.000625   \n",
       "PG      0.000058  3.085837e-05  0.000038  0.000002  0.000128  0.000020   \n",
       "TSLA    0.000191  4.018760e-04  0.000281  0.000625  0.000020  0.001508   \n",
       "UNH     0.000057  1.158646e-05  0.000044  0.000037  0.000046  0.000068   \n",
       "V       0.000179  1.522752e-04  0.000114  0.000182  0.000055  0.000191   \n",
       "WMT     0.000061  7.394828e-05  0.000058  0.000055  0.000056  0.000103   \n",
       "\n",
       "Ticker       UNH         V       WMT  \n",
       "Ticker                                \n",
       "AAPL    0.000049  0.000133  0.000072  \n",
       "AMZN    0.000043  0.000143  0.000084  \n",
       "BRK-B   0.000054  0.000090  0.000050  \n",
       "GOOGL   0.000044  0.000117  0.000054  \n",
       "JNJ     0.000050  0.000039  0.000031  \n",
       "JPM     0.000051  0.000113  0.000051  \n",
       "MA      0.000057  0.000179  0.000061  \n",
       "META    0.000012  0.000152  0.000074  \n",
       "MSFT    0.000044  0.000114  0.000058  \n",
       "NVDA    0.000037  0.000182  0.000055  \n",
       "PG      0.000046  0.000055  0.000056  \n",
       "TSLA    0.000068  0.000191  0.000103  \n",
       "UNH     0.000421  0.000062  0.000038  \n",
       "V       0.000062  0.000196  0.000054  \n",
       "WMT     0.000038  0.000054  0.000190  "
      ]
     },
     "metadata": {},
     "output_type": "display_data"
    },
    {
     "name": "stdout",
     "output_type": "stream",
     "text": [
      "Correlation matrix:\n"
     ]
    },
    {
     "data": {
      "text/html": [
       "<div>\n",
       "<style scoped>\n",
       "    .dataframe tbody tr th:only-of-type {\n",
       "        vertical-align: middle;\n",
       "    }\n",
       "\n",
       "    .dataframe tbody tr th {\n",
       "        vertical-align: top;\n",
       "    }\n",
       "\n",
       "    .dataframe thead th {\n",
       "        text-align: right;\n",
       "    }\n",
       "</style>\n",
       "<table border=\"1\" class=\"dataframe\">\n",
       "  <thead>\n",
       "    <tr style=\"text-align: right;\">\n",
       "      <th>Ticker</th>\n",
       "      <th>AAPL</th>\n",
       "      <th>AMZN</th>\n",
       "      <th>BRK-B</th>\n",
       "      <th>GOOGL</th>\n",
       "      <th>JNJ</th>\n",
       "      <th>JPM</th>\n",
       "      <th>MA</th>\n",
       "      <th>META</th>\n",
       "      <th>MSFT</th>\n",
       "      <th>NVDA</th>\n",
       "      <th>PG</th>\n",
       "      <th>TSLA</th>\n",
       "      <th>UNH</th>\n",
       "      <th>V</th>\n",
       "      <th>WMT</th>\n",
       "    </tr>\n",
       "    <tr>\n",
       "      <th>Ticker</th>\n",
       "      <th></th>\n",
       "      <th></th>\n",
       "      <th></th>\n",
       "      <th></th>\n",
       "      <th></th>\n",
       "      <th></th>\n",
       "      <th></th>\n",
       "      <th></th>\n",
       "      <th></th>\n",
       "      <th></th>\n",
       "      <th></th>\n",
       "      <th></th>\n",
       "      <th></th>\n",
       "      <th></th>\n",
       "      <th></th>\n",
       "    </tr>\n",
       "  </thead>\n",
       "  <tbody>\n",
       "    <tr>\n",
       "      <th>AAPL</th>\n",
       "      <td>1.000000</td>\n",
       "      <td>0.561355</td>\n",
       "      <td>0.483853</td>\n",
       "      <td>0.584206</td>\n",
       "      <td>0.155364</td>\n",
       "      <td>0.395582</td>\n",
       "      <td>0.565454</td>\n",
       "      <td>0.483971</td>\n",
       "      <td>0.626463</td>\n",
       "      <td>0.518260</td>\n",
       "      <td>0.269344</td>\n",
       "      <td>0.507357</td>\n",
       "      <td>0.132460</td>\n",
       "      <td>0.531428</td>\n",
       "      <td>0.291003</td>\n",
       "    </tr>\n",
       "    <tr>\n",
       "      <th>AMZN</th>\n",
       "      <td>0.561355</td>\n",
       "      <td>1.000000</td>\n",
       "      <td>0.381748</td>\n",
       "      <td>0.626238</td>\n",
       "      <td>0.014775</td>\n",
       "      <td>0.391711</td>\n",
       "      <td>0.474456</td>\n",
       "      <td>0.605264</td>\n",
       "      <td>0.668911</td>\n",
       "      <td>0.563993</td>\n",
       "      <td>0.097836</td>\n",
       "      <td>0.465923</td>\n",
       "      <td>0.089119</td>\n",
       "      <td>0.432645</td>\n",
       "      <td>0.257947</td>\n",
       "    </tr>\n",
       "    <tr>\n",
       "      <th>BRK-B</th>\n",
       "      <td>0.483853</td>\n",
       "      <td>0.381748</td>\n",
       "      <td>1.000000</td>\n",
       "      <td>0.354144</td>\n",
       "      <td>0.389789</td>\n",
       "      <td>0.624341</td>\n",
       "      <td>0.593191</td>\n",
       "      <td>0.304160</td>\n",
       "      <td>0.396677</td>\n",
       "      <td>0.278589</td>\n",
       "      <td>0.373341</td>\n",
       "      <td>0.286791</td>\n",
       "      <td>0.236073</td>\n",
       "      <td>0.573881</td>\n",
       "      <td>0.324671</td>\n",
       "    </tr>\n",
       "    <tr>\n",
       "      <th>GOOGL</th>\n",
       "      <td>0.584206</td>\n",
       "      <td>0.626238</td>\n",
       "      <td>0.354144</td>\n",
       "      <td>1.000000</td>\n",
       "      <td>0.055328</td>\n",
       "      <td>0.345396</td>\n",
       "      <td>0.441374</td>\n",
       "      <td>0.555636</td>\n",
       "      <td>0.632680</td>\n",
       "      <td>0.534694</td>\n",
       "      <td>0.106240</td>\n",
       "      <td>0.438161</td>\n",
       "      <td>0.104076</td>\n",
       "      <td>0.406291</td>\n",
       "      <td>0.190522</td>\n",
       "    </tr>\n",
       "    <tr>\n",
       "      <th>JNJ</th>\n",
       "      <td>0.155364</td>\n",
       "      <td>0.014775</td>\n",
       "      <td>0.389789</td>\n",
       "      <td>0.055328</td>\n",
       "      <td>1.000000</td>\n",
       "      <td>0.216403</td>\n",
       "      <td>0.238806</td>\n",
       "      <td>0.000712</td>\n",
       "      <td>0.055726</td>\n",
       "      <td>-0.113616</td>\n",
       "      <td>0.434544</td>\n",
       "      <td>-0.007572</td>\n",
       "      <td>0.225296</td>\n",
       "      <td>0.253691</td>\n",
       "      <td>0.209649</td>\n",
       "    </tr>\n",
       "    <tr>\n",
       "      <th>JPM</th>\n",
       "      <td>0.395582</td>\n",
       "      <td>0.391711</td>\n",
       "      <td>0.624341</td>\n",
       "      <td>0.345396</td>\n",
       "      <td>0.216403</td>\n",
       "      <td>1.000000</td>\n",
       "      <td>0.519342</td>\n",
       "      <td>0.313230</td>\n",
       "      <td>0.361841</td>\n",
       "      <td>0.359624</td>\n",
       "      <td>0.195633</td>\n",
       "      <td>0.349068</td>\n",
       "      <td>0.159338</td>\n",
       "      <td>0.514264</td>\n",
       "      <td>0.234454</td>\n",
       "    </tr>\n",
       "    <tr>\n",
       "      <th>MA</th>\n",
       "      <td>0.565454</td>\n",
       "      <td>0.474456</td>\n",
       "      <td>0.593191</td>\n",
       "      <td>0.441374</td>\n",
       "      <td>0.238806</td>\n",
       "      <td>0.519342</td>\n",
       "      <td>1.000000</td>\n",
       "      <td>0.422303</td>\n",
       "      <td>0.533408</td>\n",
       "      <td>0.422743</td>\n",
       "      <td>0.356364</td>\n",
       "      <td>0.341209</td>\n",
       "      <td>0.193460</td>\n",
       "      <td>0.886286</td>\n",
       "      <td>0.306808</td>\n",
       "    </tr>\n",
       "    <tr>\n",
       "      <th>META</th>\n",
       "      <td>0.483971</td>\n",
       "      <td>0.605264</td>\n",
       "      <td>0.304160</td>\n",
       "      <td>0.555636</td>\n",
       "      <td>0.000712</td>\n",
       "      <td>0.313230</td>\n",
       "      <td>0.422303</td>\n",
       "      <td>1.000000</td>\n",
       "      <td>0.596142</td>\n",
       "      <td>0.501608</td>\n",
       "      <td>0.092412</td>\n",
       "      <td>0.351028</td>\n",
       "      <td>0.019145</td>\n",
       "      <td>0.368827</td>\n",
       "      <td>0.181919</td>\n",
       "    </tr>\n",
       "    <tr>\n",
       "      <th>MSFT</th>\n",
       "      <td>0.626463</td>\n",
       "      <td>0.668911</td>\n",
       "      <td>0.396677</td>\n",
       "      <td>0.632680</td>\n",
       "      <td>0.055726</td>\n",
       "      <td>0.361841</td>\n",
       "      <td>0.533408</td>\n",
       "      <td>0.596142</td>\n",
       "      <td>1.000000</td>\n",
       "      <td>0.638623</td>\n",
       "      <td>0.197272</td>\n",
       "      <td>0.429672</td>\n",
       "      <td>0.127833</td>\n",
       "      <td>0.482084</td>\n",
       "      <td>0.250187</td>\n",
       "    </tr>\n",
       "    <tr>\n",
       "      <th>NVDA</th>\n",
       "      <td>0.518260</td>\n",
       "      <td>0.563993</td>\n",
       "      <td>0.278589</td>\n",
       "      <td>0.534694</td>\n",
       "      <td>-0.113616</td>\n",
       "      <td>0.359624</td>\n",
       "      <td>0.422743</td>\n",
       "      <td>0.501608</td>\n",
       "      <td>0.638623</td>\n",
       "      <td>1.000000</td>\n",
       "      <td>0.006219</td>\n",
       "      <td>0.478133</td>\n",
       "      <td>0.053543</td>\n",
       "      <td>0.385129</td>\n",
       "      <td>0.118073</td>\n",
       "    </tr>\n",
       "    <tr>\n",
       "      <th>PG</th>\n",
       "      <td>0.269344</td>\n",
       "      <td>0.097836</td>\n",
       "      <td>0.373341</td>\n",
       "      <td>0.106240</td>\n",
       "      <td>0.434544</td>\n",
       "      <td>0.195633</td>\n",
       "      <td>0.356364</td>\n",
       "      <td>0.092412</td>\n",
       "      <td>0.197272</td>\n",
       "      <td>0.006219</td>\n",
       "      <td>1.000000</td>\n",
       "      <td>0.046455</td>\n",
       "      <td>0.199949</td>\n",
       "      <td>0.348097</td>\n",
       "      <td>0.358776</td>\n",
       "    </tr>\n",
       "    <tr>\n",
       "      <th>TSLA</th>\n",
       "      <td>0.507357</td>\n",
       "      <td>0.465923</td>\n",
       "      <td>0.286791</td>\n",
       "      <td>0.438161</td>\n",
       "      <td>-0.007572</td>\n",
       "      <td>0.349068</td>\n",
       "      <td>0.341209</td>\n",
       "      <td>0.351028</td>\n",
       "      <td>0.429672</td>\n",
       "      <td>0.478133</td>\n",
       "      <td>0.046455</td>\n",
       "      <td>1.000000</td>\n",
       "      <td>0.085338</td>\n",
       "      <td>0.351753</td>\n",
       "      <td>0.191789</td>\n",
       "    </tr>\n",
       "    <tr>\n",
       "      <th>UNH</th>\n",
       "      <td>0.132460</td>\n",
       "      <td>0.089119</td>\n",
       "      <td>0.236073</td>\n",
       "      <td>0.104076</td>\n",
       "      <td>0.225296</td>\n",
       "      <td>0.159338</td>\n",
       "      <td>0.193460</td>\n",
       "      <td>0.019145</td>\n",
       "      <td>0.127833</td>\n",
       "      <td>0.053543</td>\n",
       "      <td>0.199949</td>\n",
       "      <td>0.085338</td>\n",
       "      <td>1.000000</td>\n",
       "      <td>0.216503</td>\n",
       "      <td>0.133415</td>\n",
       "    </tr>\n",
       "    <tr>\n",
       "      <th>V</th>\n",
       "      <td>0.531428</td>\n",
       "      <td>0.432645</td>\n",
       "      <td>0.573881</td>\n",
       "      <td>0.406291</td>\n",
       "      <td>0.253691</td>\n",
       "      <td>0.514264</td>\n",
       "      <td>0.886286</td>\n",
       "      <td>0.368827</td>\n",
       "      <td>0.482084</td>\n",
       "      <td>0.385129</td>\n",
       "      <td>0.348097</td>\n",
       "      <td>0.351753</td>\n",
       "      <td>0.216503</td>\n",
       "      <td>1.000000</td>\n",
       "      <td>0.279175</td>\n",
       "    </tr>\n",
       "    <tr>\n",
       "      <th>WMT</th>\n",
       "      <td>0.291003</td>\n",
       "      <td>0.257947</td>\n",
       "      <td>0.324671</td>\n",
       "      <td>0.190522</td>\n",
       "      <td>0.209649</td>\n",
       "      <td>0.234454</td>\n",
       "      <td>0.306808</td>\n",
       "      <td>0.181919</td>\n",
       "      <td>0.250187</td>\n",
       "      <td>0.118073</td>\n",
       "      <td>0.358776</td>\n",
       "      <td>0.191789</td>\n",
       "      <td>0.133415</td>\n",
       "      <td>0.279175</td>\n",
       "      <td>1.000000</td>\n",
       "    </tr>\n",
       "  </tbody>\n",
       "</table>\n",
       "</div>"
      ],
      "text/plain": [
       "Ticker      AAPL      AMZN     BRK-B     GOOGL       JNJ       JPM        MA  \\\n",
       "Ticker                                                                         \n",
       "AAPL    1.000000  0.561355  0.483853  0.584206  0.155364  0.395582  0.565454   \n",
       "AMZN    0.561355  1.000000  0.381748  0.626238  0.014775  0.391711  0.474456   \n",
       "BRK-B   0.483853  0.381748  1.000000  0.354144  0.389789  0.624341  0.593191   \n",
       "GOOGL   0.584206  0.626238  0.354144  1.000000  0.055328  0.345396  0.441374   \n",
       "JNJ     0.155364  0.014775  0.389789  0.055328  1.000000  0.216403  0.238806   \n",
       "JPM     0.395582  0.391711  0.624341  0.345396  0.216403  1.000000  0.519342   \n",
       "MA      0.565454  0.474456  0.593191  0.441374  0.238806  0.519342  1.000000   \n",
       "META    0.483971  0.605264  0.304160  0.555636  0.000712  0.313230  0.422303   \n",
       "MSFT    0.626463  0.668911  0.396677  0.632680  0.055726  0.361841  0.533408   \n",
       "NVDA    0.518260  0.563993  0.278589  0.534694 -0.113616  0.359624  0.422743   \n",
       "PG      0.269344  0.097836  0.373341  0.106240  0.434544  0.195633  0.356364   \n",
       "TSLA    0.507357  0.465923  0.286791  0.438161 -0.007572  0.349068  0.341209   \n",
       "UNH     0.132460  0.089119  0.236073  0.104076  0.225296  0.159338  0.193460   \n",
       "V       0.531428  0.432645  0.573881  0.406291  0.253691  0.514264  0.886286   \n",
       "WMT     0.291003  0.257947  0.324671  0.190522  0.209649  0.234454  0.306808   \n",
       "\n",
       "Ticker      META      MSFT      NVDA        PG      TSLA       UNH         V  \\\n",
       "Ticker                                                                         \n",
       "AAPL    0.483971  0.626463  0.518260  0.269344  0.507357  0.132460  0.531428   \n",
       "AMZN    0.605264  0.668911  0.563993  0.097836  0.465923  0.089119  0.432645   \n",
       "BRK-B   0.304160  0.396677  0.278589  0.373341  0.286791  0.236073  0.573881   \n",
       "GOOGL   0.555636  0.632680  0.534694  0.106240  0.438161  0.104076  0.406291   \n",
       "JNJ     0.000712  0.055726 -0.113616  0.434544 -0.007572  0.225296  0.253691   \n",
       "JPM     0.313230  0.361841  0.359624  0.195633  0.349068  0.159338  0.514264   \n",
       "MA      0.422303  0.533408  0.422743  0.356364  0.341209  0.193460  0.886286   \n",
       "META    1.000000  0.596142  0.501608  0.092412  0.351028  0.019145  0.368827   \n",
       "MSFT    0.596142  1.000000  0.638623  0.197272  0.429672  0.127833  0.482084   \n",
       "NVDA    0.501608  0.638623  1.000000  0.006219  0.478133  0.053543  0.385129   \n",
       "PG      0.092412  0.197272  0.006219  1.000000  0.046455  0.199949  0.348097   \n",
       "TSLA    0.351028  0.429672  0.478133  0.046455  1.000000  0.085338  0.351753   \n",
       "UNH     0.019145  0.127833  0.053543  0.199949  0.085338  1.000000  0.216503   \n",
       "V       0.368827  0.482084  0.385129  0.348097  0.351753  0.216503  1.000000   \n",
       "WMT     0.181919  0.250187  0.118073  0.358776  0.191789  0.133415  0.279175   \n",
       "\n",
       "Ticker       WMT  \n",
       "Ticker            \n",
       "AAPL    0.291003  \n",
       "AMZN    0.257947  \n",
       "BRK-B   0.324671  \n",
       "GOOGL   0.190522  \n",
       "JNJ     0.209649  \n",
       "JPM     0.234454  \n",
       "MA      0.306808  \n",
       "META    0.181919  \n",
       "MSFT    0.250187  \n",
       "NVDA    0.118073  \n",
       "PG      0.358776  \n",
       "TSLA    0.191789  \n",
       "UNH     0.133415  \n",
       "V       0.279175  \n",
       "WMT     1.000000  "
      ]
     },
     "metadata": {},
     "output_type": "display_data"
    }
   ],
   "source": [
    "# toggle for testing\n",
    "use_geometric = True\n",
    "\n",
    "if use_geometric:\n",
    "    # log/geometric returns (eliminates upward bias)\n",
    "    periodic_daily_returns = np.log(price_history / price_history.shift(1)).dropna()\n",
    "    cov_matrix = periodic_daily_returns.cov()\n",
    "    daily_variance = np.diag(cov_matrix.values)\n",
    "    avg_returns = periodic_daily_returns.mean() - (daily_variance / 2)\n",
    "else:\n",
    "    # simple/arithmetic returns (upward bias)\n",
    "    periodic_daily_returns = price_history.pct_change().dropna()\n",
    "    avg_returns = periodic_daily_returns.mean()\n",
    "\n",
    "cov_matrix = periodic_daily_returns.cov()\n",
    "corr_matrix = periodic_daily_returns.corr()\n",
    "\n",
    "print('-' * 35)\n",
    "print(f'⚠️ NOTE: using {'GEOMETRIC' if use_geometric else 'ARITHMETIC'} returns')\n",
    "print('-' * 35)\n",
    "print('Average daily returns (drift):')\n",
    "display(avg_returns)\n",
    "print('Covariance matrix:')\n",
    "display(cov_matrix)\n",
    "print('Correlation matrix:')\n",
