{
 "cells": [
  {
   "cell_type": "code",
   "execution_count": 9,
   "id": "fa9b2b44",
   "metadata": {},
   "outputs": [],
   "source": [
    "import numpy as np\n",
    "import pandas as pd\n",
    "import yfinance as yf\n",
    "import matplotlib.pyplot as plt"
   ]
  },
  {
   "cell_type": "code",
   "execution_count": 10,
   "id": "3c65c50f",
   "metadata": {},
   "outputs": [
    {
     "name": "stderr",
     "output_type": "stream",
     "text": [
      "[*********************100%***********************]  15 of 15 completed\n"
     ]
    },
    {
     "data": {
      "text/html": [
       "<div>\n",
       "<style scoped>\n",
       "    .dataframe tbody tr th:only-of-type {\n",
       "        vertical-align: middle;\n",
       "    }\n",
       "\n",
       "    .dataframe tbody tr th {\n",
       "        vertical-align: top;\n",
       "    }\n",
       "\n",
       "    .dataframe thead th {\n",
       "        text-align: right;\n",
       "    }\n",
       "</style>\n",
       "<table border=\"1\" class=\"dataframe\">\n",
       "  <thead>\n",
       "    <tr style=\"text-align: right;\">\n",
       "      <th>Ticker</th>\n",
       "      <th>AAPL</th>\n",
       "      <th>AMZN</th>\n",
       "      <th>BRK-B</th>\n",
       "      <th>GOOGL</th>\n",
       "      <th>JNJ</th>\n",
       "      <th>JPM</th>\n",
       "      <th>MA</th>\n",
       "      <th>META</th>\n",
       "      <th>MSFT</th>\n",
       "      <th>NVDA</th>\n",
       "      <th>PG</th>\n",
       "      <th>TSLA</th>\n",
       "      <th>UNH</th>\n",
       "      <th>V</th>\n",
       "      <th>WMT</th>\n",
       "    </tr>\n",
       "    <tr>\n",
       "      <th>Date</th>\n",
       "      <th></th>\n",
       "      <th></th>\n",
       "      <th></th>\n",
       "      <th></th>\n",
       "      <th></th>\n",
       "      <th></th>\n",
       "      <th></th>\n",
       "      <th></th>\n",
       "      <th></th>\n",
       "      <th></th>\n",
       "      <th></th>\n",
       "      <th></th>\n",
       "      <th></th>\n",
       "      <th></th>\n",
       "      <th></th>\n",
       "    </tr>\n",
       "  </thead>\n",
       "  <tbody>\n",
       "    <tr>\n",
       "      <th>2022-01-03</th>\n",
       "      <td>178.103699</td>\n",
       "      <td>170.404495</td>\n",
       "      <td>300.790009</td>\n",
       "      <td>143.904190</td>\n",
       "      <td>152.576874</td>\n",
       "      <td>144.929489</td>\n",
       "      <td>361.819153</td>\n",
       "      <td>336.191589</td>\n",
       "      <td>323.898407</td>\n",
       "      <td>30.062763</td>\n",
       "      <td>146.320877</td>\n",
       "      <td>399.926666</td>\n",
       "      <td>469.479889</td>\n",
       "      <td>214.414001</td>\n",
       "      <td>45.765411</td>\n",
       "    </tr>\n",
       "    <tr>\n",
       "      <th>2022-01-04</th>\n",
       "      <td>175.843246</td>\n",
       "      <td>167.522003</td>\n",
       "      <td>308.529999</td>\n",
       "      <td>143.316650</td>\n",
       "      <td>152.167694</td>\n",
       "      <td>150.423752</td>\n",
       "      <td>366.149902</td>\n",
       "      <td>334.195526</td>\n",
       "      <td>318.344421</td>\n",
       "      <td>29.233374</td>\n",
       "      <td>146.832886</td>\n",
       "      <td>383.196655</td>\n",
       "      <td>458.843079</td>\n",
       "      <td>215.411362</td>\n",
       "      <td>44.926987</td>\n",
       "    </tr>\n",
       "    <tr>\n",
       "      <th>2022-01-05</th>\n",
       "      <td>171.165833</td>\n",
       "      <td>164.356995</td>\n",
       "      <td>309.920013</td>\n",
       "      <td>136.741837</td>\n",
       "      <td>153.181686</td>\n",
       "      <td>147.673691</td>\n",
       "      <td>364.696564</td>\n",
       "      <td>321.921295</td>\n",
       "      <td>306.123840</td>\n",
       "      <td>27.550631</td>\n",
       "      <td>147.497574</td>\n",
       "      <td>362.706665</td>\n",
       "      <td>457.712067</td>\n",
       "      <td>213.029297</td>\n",
       "      <td>45.534447</td>\n",
       "    </tr>\n",
       "    <tr>\n",
       "      <th>2022-01-06</th>\n",
       "      <td>168.308502</td>\n",
       "      <td>163.253998</td>\n",
       "      <td>313.220001</td>\n",
       "      <td>136.714523</td>\n",
       "      <td>152.656921</td>\n",
       "      <td>149.242584</td>\n",
       "      <td>361.366150</td>\n",
       "      <td>330.153778</td>\n",
       "      <td>303.704956</td>\n",
       "      <td>28.123524</td>\n",
       "      <td>146.258057</td>\n",
       "      <td>354.899994</td>\n",
       "      <td>438.980682</td>\n",
       "      <td>212.787262</td>\n",
       "      <td>45.407894</td>\n",
       "    </tr>\n",
       "    <tr>\n",
       "      <th>2022-01-07</th>\n",
       "      <td>168.474838</td>\n",
       "      <td>162.554001</td>\n",
       "      <td>319.779999</td>\n",
       "      <td>135.989502</td>\n",
       "      <td>154.720444</td>\n",
       "      <td>150.721313</td>\n",
       "      <td>361.024292</td>\n",
       "      <td>329.488434</td>\n",
       "      <td>303.859680</td>\n",
       "      <td>27.194321</td>\n",
       "      <td>146.177185</td>\n",
       "      <td>342.320007</td>\n",
       "      <td>428.652191</td>\n",
       "      <td>210.085648</td>\n",
       "      <td>45.841347</td>\n",
       "    </tr>\n",
       "  </tbody>\n",
       "</table>\n",
       "</div>"
      ],
      "text/plain": [
       "Ticker            AAPL        AMZN       BRK-B       GOOGL         JNJ  \\\n",
       "Date                                                                     \n",
       "2022-01-03  178.103699  170.404495  300.790009  143.904190  152.576874   \n",
       "2022-01-04  175.843246  167.522003  308.529999  143.316650  152.167694   \n",
       "2022-01-05  171.165833  164.356995  309.920013  136.741837  153.181686   \n",
       "2022-01-06  168.308502  163.253998  313.220001  136.714523  152.656921   \n",
       "2022-01-07  168.474838  162.554001  319.779999  135.989502  154.720444   \n",
       "\n",
       "Ticker             JPM          MA        META        MSFT       NVDA  \\\n",
       "Date                                                                    \n",
       "2022-01-03  144.929489  361.819153  336.191589  323.898407  30.062763   \n",
       "2022-01-04  150.423752  366.149902  334.195526  318.344421  29.233374   \n",
       "2022-01-05  147.673691  364.696564  321.921295  306.123840  27.550631   \n",
       "2022-01-06  149.242584  361.366150  330.153778  303.704956  28.123524   \n",
       "2022-01-07  150.721313  361.024292  329.488434  303.859680  27.194321   \n",
       "\n",
       "Ticker              PG        TSLA         UNH           V        WMT  \n",
       "Date                                                                   \n",
       "2022-01-03  146.320877  399.926666  469.479889  214.414001  45.765411  \n",
       "2022-01-04  146.832886  383.196655  458.843079  215.411362  44.926987  \n",
       "2022-01-05  147.497574  362.706665  457.712067  213.029297  45.534447  \n",
       "2022-01-06  146.258057  354.899994  438.980682  212.787262  45.407894  \n",
       "2022-01-07  146.177185  342.320007  428.652191  210.085648  45.841347  "
      ]
     },
     "execution_count": 10,
     "metadata": {},
     "output_type": "execute_result"
    }
   ],
   "source": [
    "# change to True to introduce market crash from covid\n",
    "COVID = False\n",
    "\n",
    "symbols = [\"AAPL\", \"MSFT\", \"GOOGL\", \"AMZN\", \"META\", \"NVDA\", \"TSLA\", \"BRK-B\", \"JPM\", \"V\", \"JNJ\", \"WMT\", \"PG\", \"MA\", \"UNH\"]\n",
    "start_date = \"2019-1-1\" if COVID else \"2022-01-01\"\n",
    "end_date = \"2026-01-01\"\n",
    "\n",
    "close_prices = yf.download(symbols, start=start_date, end=end_date)['Close']\n",
    "close_prices.head()"
   ]
  },
  {
   "cell_type": "code",
   "execution_count": 11,
   "id": "aafa442b",
   "metadata": {},
   "outputs": [
    {
     "name": "stdout",
     "output_type": "stream",
     "text": [
      "Average log daily returns:\n"
     ]
    },
    {
     "data": {
      "text/plain": [
       "Ticker\n",
       "AAPL     0.000421\n",
       "AMZN     0.000303\n",
       "BRK-B    0.000512\n",
       "GOOGL    0.000776\n",
       "JNJ      0.000304\n",
       "JPM      0.000793\n",
       "MA       0.000454\n",
       "META     0.000673\n",
       "MSFT     0.000400\n",
       "NVDA     0.001822\n",
       "PG      -0.000028\n",
       "TSLA     0.000117\n",
       "UNH     -0.000351\n",
       "V        0.000489\n",
       "WMT      0.000888\n",
       "dtype: float64"
      ]
     },
     "metadata": {},
     "output_type": "display_data"
    },
    {
     "name": "stdout",
     "output_type": "stream",
     "text": [
      "Covariance matrix:\n"
     ]
    },
    {
     "data": {
      "text/html": [
       "<div>\n",
       "<style scoped>\n",
       "    .dataframe tbody tr th:only-of-type {\n",
       "        vertical-align: middle;\n",
       "    }\n",
       "\n",
       "    .dataframe tbody tr th {\n",
       "        vertical-align: top;\n",
       "    }\n",
       "\n",
       "    .dataframe thead th {\n",
       "        text-align: right;\n",
       "    }\n",
       "</style>\n",
       "<table border=\"1\" class=\"dataframe\">\n",
       "  <thead>\n",
       "    <tr style=\"text-align: right;\">\n",
       "      <th>Ticker</th>\n",
       "      <th>AAPL</th>\n",
       "      <th>AMZN</th>\n",
       "      <th>BRK-B</th>\n",
       "      <th>GOOGL</th>\n",
       "      <th>JNJ</th>\n",
       "      <th>JPM</th>\n",
       "      <th>MA</th>\n",
       "      <th>META</th>\n",
       "      <th>MSFT</th>\n",
       "      <th>NVDA</th>\n",
       "      <th>PG</th>\n",
       "      <th>TSLA</th>\n",
       "      <th>UNH</th>\n",
       "      <th>V</th>\n",
       "      <th>WMT</th>\n",
       "    </tr>\n",
       "    <tr>\n",
       "      <th>Ticker</th>\n",
       "      <th></th>\n",
       "      <th></th>\n",
       "      <th></th>\n",
       "      <th></th>\n",
       "      <th></th>\n",
       "      <th></th>\n",
       "      <th></th>\n",
       "      <th></th>\n",
       "      <th></th>\n",
       "      <th></th>\n",
       "      <th></th>\n",
       "      <th></th>\n",
       "      <th></th>\n",
       "      <th></th>\n",
       "      <th></th>\n",
       "    </tr>\n",
       "  </thead>\n",
       "  <tbody>\n",
       "    <tr>\n",
       "      <th>AAPL</th>\n",
       "      <td>0.000320</td>\n",
       "      <td>0.000236</td>\n",
       "      <td>0.000097</td>\n",
       "      <td>0.000215</td>\n",
       "      <td>3.019766e-05</td>\n",
       "      <td>0.000111</td>\n",
       "      <td>0.000146</td>\n",
       "      <td>2.553017e-04</td>\n",
       "      <td>0.000189</td>\n",
       "      <td>0.000312</td>\n",
       "      <td>0.000055</td>\n",
       "      <td>0.000353</td>\n",
       "      <td>0.000049</td>\n",
       "      <td>0.000133</td>\n",
       "      <td>0.000072</td>\n",
       "    </tr>\n",
       "    <tr>\n",
       "      <th>AMZN</th>\n",
       "      <td>0.000236</td>\n",
       "      <td>0.000554</td>\n",
       "      <td>0.000100</td>\n",
       "      <td>0.000303</td>\n",
       "      <td>3.776358e-06</td>\n",
       "      <td>0.000145</td>\n",
       "      <td>0.000161</td>\n",
       "      <td>4.198357e-04</td>\n",
       "      <td>0.000265</td>\n",
       "      <td>0.000447</td>\n",
       "      <td>0.000026</td>\n",
       "      <td>0.000426</td>\n",
       "      <td>0.000043</td>\n",
       "      <td>0.000143</td>\n",
       "      <td>0.000084</td>\n",
       "    </tr>\n",
       "    <tr>\n",
       "      <th>BRK-B</th>\n",
       "      <td>0.000097</td>\n",
       "      <td>0.000100</td>\n",
       "      <td>0.000124</td>\n",
       "      <td>0.000081</td>\n",
       "      <td>4.723049e-05</td>\n",
       "      <td>0.000109</td>\n",
       "      <td>0.000096</td>\n",
       "      <td>1.000244e-04</td>\n",
       "      <td>0.000075</td>\n",
       "      <td>0.000105</td>\n",
       "      <td>0.000047</td>\n",
       "      <td>0.000124</td>\n",
       "      <td>0.000054</td>\n",
       "      <td>0.000090</td>\n",
       "      <td>0.000050</td>\n",
       "    </tr>\n",
       "    <tr>\n",
       "      <th>GOOGL</th>\n",
       "      <td>0.000215</td>\n",
       "      <td>0.000303</td>\n",
       "      <td>0.000081</td>\n",
       "      <td>0.000422</td>\n",
       "      <td>1.235058e-05</td>\n",
       "      <td>0.000111</td>\n",
       "      <td>0.000131</td>\n",
       "      <td>3.366218e-04</td>\n",
       "      <td>0.000219</td>\n",
       "      <td>0.000370</td>\n",
       "      <td>0.000025</td>\n",
       "      <td>0.000350</td>\n",
       "      <td>0.000044</td>\n",
       "      <td>0.000117</td>\n",
       "      <td>0.000054</td>\n",
       "    </tr>\n",
       "    <tr>\n",
       "      <th>JNJ</th>\n",
       "      <td>0.000030</td>\n",
       "      <td>0.000004</td>\n",
       "      <td>0.000047</td>\n",
       "      <td>0.000012</td>\n",
       "      <td>1.179764e-04</td>\n",
       "      <td>0.000037</td>\n",
       "      <td>0.000037</td>\n",
       "      <td>2.279758e-07</td>\n",
       "      <td>0.000010</td>\n",
       "      <td>-0.000042</td>\n",
       "      <td>0.000053</td>\n",
       "      <td>-0.000003</td>\n",
       "      <td>0.000050</td>\n",
       "      <td>0.000039</td>\n",
       "      <td>0.000031</td>\n",
       "    </tr>\n",
       "    <tr>\n",
       "      <th>JPM</th>\n",
       "      <td>0.000111</td>\n",
       "      <td>0.000145</td>\n",
       "      <td>0.000109</td>\n",
       "      <td>0.000111</td>\n",
       "      <td>3.689852e-05</td>\n",
       "      <td>0.000246</td>\n",
       "      <td>0.000118</td>\n",
       "      <td>1.449511e-04</td>\n",
       "      <td>0.000096</td>\n",
       "      <td>0.000190</td>\n",
       "      <td>0.000035</td>\n",
       "      <td>0.000213</td>\n",
       "      <td>0.000051</td>\n",
       "      <td>0.000113</td>\n",
       "      <td>0.000051</td>\n",
       "    </tr>\n",
       "    <tr>\n",
       "      <th>MA</th>\n",
       "      <td>0.000146</td>\n",
       "      <td>0.000161</td>\n",
       "      <td>0.000096</td>\n",
       "      <td>0.000131</td>\n",
       "      <td>3.745354e-05</td>\n",
       "      <td>0.000118</td>\n",
       "      <td>0.000208</td>\n",
       "      <td>1.797547e-04</td>\n",
       "      <td>0.000130</td>\n",
       "      <td>0.000206</td>\n",
       "      <td>0.000058</td>\n",
       "      <td>0.000191</td>\n",
       "      <td>0.000057</td>\n",
       "      <td>0.000179</td>\n",
       "      <td>0.000061</td>\n",
       "    </tr>\n",
       "    <tr>\n",
       "      <th>META</th>\n",
       "      <td>0.000255</td>\n",
       "      <td>0.000420</td>\n",
       "      <td>0.000100</td>\n",
       "      <td>0.000337</td>\n",
       "      <td>2.279758e-07</td>\n",
       "      <td>0.000145</td>\n",
       "      <td>0.000180</td>\n",
       "      <td>8.689920e-04</td>\n",
       "      <td>0.000296</td>\n",
       "      <td>0.000498</td>\n",
       "      <td>0.000031</td>\n",
       "      <td>0.000402</td>\n",
       "      <td>0.000012</td>\n",
       "      <td>0.000152</td>\n",
       "      <td>0.000074</td>\n",
       "    </tr>\n",
       "    <tr>\n",
       "      <th>MSFT</th>\n",
       "      <td>0.000189</td>\n",
       "      <td>0.000265</td>\n",
       "      <td>0.000075</td>\n",
       "      <td>0.000219</td>\n",
       "      <td>1.019076e-05</td>\n",
       "      <td>0.000096</td>\n",
       "      <td>0.000130</td>\n",
       "      <td>2.958750e-04</td>\n",
       "      <td>0.000283</td>\n",
       "      <td>0.000362</td>\n",
       "      <td>0.000038</td>\n",
       "      <td>0.000281</td>\n",
       "      <td>0.000044</td>\n",
       "      <td>0.000114</td>\n",
       "      <td>0.000058</td>\n",
       "    </tr>\n",
       "    <tr>\n",
       "      <th>NVDA</th>\n",
       "      <td>0.000312</td>\n",
       "      <td>0.000447</td>\n",
       "      <td>0.000105</td>\n",
       "      <td>0.000370</td>\n",
       "      <td>-4.156623e-05</td>\n",
       "      <td>0.000190</td>\n",
       "      <td>0.000206</td>\n",
       "      <td>4.980513e-04</td>\n",
       "      <td>0.000362</td>\n",
       "      <td>0.001134</td>\n",
       "      <td>0.000002</td>\n",
       "      <td>0.000625</td>\n",
       "      <td>0.000037</td>\n",
       "      <td>0.000182</td>\n",
       "      <td>0.000055</td>\n",
       "    </tr>\n",
       "    <tr>\n",
       "      <th>PG</th>\n",
       "      <td>0.000055</td>\n",
       "      <td>0.000026</td>\n",
       "      <td>0.000047</td>\n",
       "      <td>0.000025</td>\n",
       "      <td>5.346473e-05</td>\n",
       "      <td>0.000035</td>\n",
       "      <td>0.000058</td>\n",
       "      <td>3.085847e-05</td>\n",
       "      <td>0.000038</td>\n",
       "      <td>0.000002</td>\n",
       "      <td>0.000128</td>\n",
       "      <td>0.000020</td>\n",
       "      <td>0.000046</td>\n",
       "      <td>0.000055</td>\n",
       "      <td>0.000056</td>\n",
       "    </tr>\n",
       "    <tr>\n",
       "      <th>TSLA</th>\n",
       "      <td>0.000353</td>\n",
       "      <td>0.000426</td>\n",
       "      <td>0.000124</td>\n",
       "      <td>0.000350</td>\n",
       "      <td>-3.193941e-06</td>\n",
       "      <td>0.000213</td>\n",
       "      <td>0.000191</td>\n",
       "      <td>4.018761e-04</td>\n",
       "      <td>0.000281</td>\n",
       "      <td>0.000625</td>\n",
       "      <td>0.000020</td>\n",
       "      <td>0.001508</td>\n",
       "      <td>0.000068</td>\n",
       "      <td>0.000191</td>\n",
       "      <td>0.000103</td>\n",
       "    </tr>\n",
       "    <tr>\n",
       "      <th>UNH</th>\n",
       "      <td>0.000049</td>\n",
       "      <td>0.000043</td>\n",
       "      <td>0.000054</td>\n",
       "      <td>0.000044</td>\n",
       "      <td>5.023941e-05</td>\n",
       "      <td>0.000051</td>\n",
       "      <td>0.000057</td>\n",
       "      <td>1.158651e-05</td>\n",
       "      <td>0.000044</td>\n",
       "      <td>0.000037</td>\n",
       "      <td>0.000046</td>\n",
       "      <td>0.000068</td>\n",
       "      <td>0.000421</td>\n",
       "      <td>0.000062</td>\n",
       "      <td>0.000038</td>\n",
       "    </tr>\n",
       "    <tr>\n",
       "      <th>V</th>\n",
       "      <td>0.000133</td>\n",
       "      <td>0.000143</td>\n",
       "      <td>0.000090</td>\n",
       "      <td>0.000117</td>\n",
       "      <td>3.859228e-05</td>\n",
       "      <td>0.000113</td>\n",
       "      <td>0.000179</td>\n",
       "      <td>1.522752e-04</td>\n",
       "      <td>0.000114</td>\n",
       "      <td>0.000182</td>\n",
       "      <td>0.000055</td>\n",
       "      <td>0.000191</td>\n",
       "      <td>0.000062</td>\n",
       "      <td>0.000196</td>\n",
       "      <td>0.000054</td>\n",
       "    </tr>\n",
       "    <tr>\n",
       "      <th>WMT</th>\n",
       "      <td>0.000072</td>\n",
       "      <td>0.000084</td>\n",
       "      <td>0.000050</td>\n",
       "      <td>0.000054</td>\n",
       "      <td>3.140042e-05</td>\n",
       "      <td>0.000051</td>\n",
       "      <td>0.000061</td>\n",
       "      <td>7.394797e-05</td>\n",
       "      <td>0.000058</td>\n",
       "      <td>0.000055</td>\n",
       "      <td>0.000056</td>\n",
       "      <td>0.000103</td>\n",
       "      <td>0.000038</td>\n",
       "      <td>0.000054</td>\n",
       "      <td>0.000190</td>\n",
       "    </tr>\n",
       "  </tbody>\n",
       "</table>\n",
       "</div>"
      ],
      "text/plain": [
       "Ticker      AAPL      AMZN     BRK-B     GOOGL           JNJ       JPM  \\\n",
       "Ticker                                                                   \n",
       "AAPL    0.000320  0.000236  0.000097  0.000215  3.019766e-05  0.000111   \n",
       "AMZN    0.000236  0.000554  0.000100  0.000303  3.776358e-06  0.000145   \n",
       "BRK-B   0.000097  0.000100  0.000124  0.000081  4.723049e-05  0.000109   \n",
       "GOOGL   0.000215  0.000303  0.000081  0.000422  1.235058e-05  0.000111   \n",
       "JNJ     0.000030  0.000004  0.000047  0.000012  1.179764e-04  0.000037   \n",
       "JPM     0.000111  0.000145  0.000109  0.000111  3.689852e-05  0.000246   \n",
       "MA      0.000146  0.000161  0.000096  0.000131  3.745354e-05  0.000118   \n",
       "META    0.000255  0.000420  0.000100  0.000337  2.279758e-07  0.000145   \n",
       "MSFT    0.000189  0.000265  0.000075  0.000219  1.019076e-05  0.000096   \n",
       "NVDA    0.000312  0.000447  0.000105  0.000370 -4.156623e-05  0.000190   \n",
       "PG      0.000055  0.000026  0.000047  0.000025  5.346473e-05  0.000035   \n",
       "TSLA    0.000353  0.000426  0.000124  0.000350 -3.193941e-06  0.000213   \n",
       "UNH     0.000049  0.000043  0.000054  0.000044  5.023941e-05  0.000051   \n",
       "V       0.000133  0.000143  0.000090  0.000117  3.859228e-05  0.000113   \n",
       "WMT     0.000072  0.000084  0.000050  0.000054  3.140042e-05  0.000051   \n",
       "\n",
       "Ticker        MA          META      MSFT      NVDA        PG      TSLA  \\\n",
       "Ticker                                                                   \n",
       "AAPL    0.000146  2.553017e-04  0.000189  0.000312  0.000055  0.000353   \n",
       "AMZN    0.000161  4.198357e-04  0.000265  0.000447  0.000026  0.000426   \n",
       "BRK-B   0.000096  1.000244e-04  0.000075  0.000105  0.000047  0.000124   \n",
       "GOOGL   0.000131  3.366218e-04  0.000219  0.000370  0.000025  0.000350   \n",
       "JNJ     0.000037  2.279758e-07  0.000010 -0.000042  0.000053 -0.000003   \n",
       "JPM     0.000118  1.449511e-04  0.000096  0.000190  0.000035  0.000213   \n",
       "MA      0.000208  1.797547e-04  0.000130  0.000206  0.000058  0.000191   \n",
       "META    0.000180  8.689920e-04  0.000296  0.000498  0.000031  0.000402   \n",
       "MSFT    0.000130  2.958750e-04  0.000283  0.000362  0.000038  0.000281   \n",
       "NVDA    0.000206  4.980513e-04  0.000362  0.001134  0.000002  0.000625   \n",
       "PG      0.000058  3.085847e-05  0.000038  0.000002  0.000128  0.000020   \n",
       "TSLA    0.000191  4.018761e-04  0.000281  0.000625  0.000020  0.001508   \n",
       "UNH     0.000057  1.158651e-05  0.000044  0.000037  0.000046  0.000068   \n",
       "V       0.000179  1.522752e-04  0.000114  0.000182  0.000055  0.000191   \n",
       "WMT     0.000061  7.394797e-05  0.000058  0.000055  0.000056  0.000103   \n",
       "\n",
       "Ticker       UNH         V       WMT  \n",
       "Ticker                                \n",
       "AAPL    0.000049  0.000133  0.000072  \n",
       "AMZN    0.000043  0.000143  0.000084  \n",
       "BRK-B   0.000054  0.000090  0.000050  \n",
       "GOOGL   0.000044  0.000117  0.000054  \n",
       "JNJ     0.000050  0.000039  0.000031  \n",
       "JPM     0.000051  0.000113  0.000051  \n",
       "MA      0.000057  0.000179  0.000061  \n",
       "META    0.000012  0.000152  0.000074  \n",
       "MSFT    0.000044  0.000114  0.000058  \n",
       "NVDA    0.000037  0.000182  0.000055  \n",
       "PG      0.000046  0.000055  0.000056  \n",
       "TSLA    0.000068  0.000191  0.000103  \n",
       "UNH     0.000421  0.000062  0.000038  \n",
       "V       0.000062  0.000196  0.000054  \n",
       "WMT     0.000038  0.000054  0.000190  "
      ]
     },
     "metadata": {},
     "output_type": "display_data"
    },
    {
     "name": "stdout",
     "output_type": "stream",
     "text": [
      "Correlation matrix:\n"
     ]
    },
    {
     "data": {
      "text/html": [
       "<div>\n",
       "<style scoped>\n",
       "    .dataframe tbody tr th:only-of-type {\n",
       "        vertical-align: middle;\n",
       "    }\n",
       "\n",
       "    .dataframe tbody tr th {\n",
       "        vertical-align: top;\n",
       "    }\n",
       "\n",
       "    .dataframe thead th {\n",
       "        text-align: right;\n",
       "    }\n",
       "</style>\n",
       "<table border=\"1\" class=\"dataframe\">\n",
       "  <thead>\n",
       "    <tr style=\"text-align: right;\">\n",
       "      <th>Ticker</th>\n",
       "      <th>AAPL</th>\n",
       "      <th>AMZN</th>\n",
       "      <th>BRK-B</th>\n",
       "      <th>GOOGL</th>\n",
       "      <th>JNJ</th>\n",
       "      <th>JPM</th>\n",
       "      <th>MA</th>\n",
       "      <th>META</th>\n",
       "      <th>MSFT</th>\n",
       "      <th>NVDA</th>\n",
       "      <th>PG</th>\n",
       "      <th>TSLA</th>\n",
       "      <th>UNH</th>\n",
       "      <th>V</th>\n",
       "      <th>WMT</th>\n",
       "    </tr>\n",
       "    <tr>\n",
       "      <th>Ticker</th>\n",
       "      <th></th>\n",
       "      <th></th>\n",
       "      <th></th>\n",
       "      <th></th>\n",
       "      <th></th>\n",
       "      <th></th>\n",
       "      <th></th>\n",
       "      <th></th>\n",
       "      <th></th>\n",
       "      <th></th>\n",
       "      <th></th>\n",
       "      <th></th>\n",
       "      <th></th>\n",
       "      <th></th>\n",
       "      <th></th>\n",
       "    </tr>\n",
       "  </thead>\n",
       "  <tbody>\n",
       "    <tr>\n",
       "      <th>AAPL</th>\n",
       "      <td>1.000000</td>\n",
       "      <td>0.561356</td>\n",
       "      <td>0.483853</td>\n",
       "      <td>0.584207</td>\n",
       "      <td>0.155364</td>\n",
       "      <td>0.395583</td>\n",
       "      <td>0.565454</td>\n",
       "      <td>0.483971</td>\n",
       "      <td>0.626463</td>\n",
       "      <td>0.518261</td>\n",
       "      <td>0.269344</td>\n",
       "      <td>0.507357</td>\n",
       "      <td>0.132460</td>\n",
       "      <td>0.531428</td>\n",
       "      <td>0.291003</td>\n",
       "    </tr>\n",
       "    <tr>\n",
       "      <th>AMZN</th>\n",
       "      <td>0.561356</td>\n",
       "      <td>1.000000</td>\n",
       "      <td>0.381748</td>\n",
       "      <td>0.626238</td>\n",
       "      <td>0.014776</td>\n",
       "      <td>0.391711</td>\n",
       "      <td>0.474457</td>\n",
       "      <td>0.605264</td>\n",
       "      <td>0.668911</td>\n",
       "      <td>0.563993</td>\n",
       "      <td>0.097836</td>\n",
       "      <td>0.465923</td>\n",
       "      <td>0.089120</td>\n",
       "      <td>0.432645</td>\n",
       "      <td>0.257946</td>\n",
       "    </tr>\n",
       "    <tr>\n",
       "      <th>BRK-B</th>\n",
       "      <td>0.483853</td>\n",
       "      <td>0.381748</td>\n",
       "      <td>1.000000</td>\n",
       "      <td>0.354144</td>\n",
       "      <td>0.389789</td>\n",
       "      <td>0.624341</td>\n",
       "      <td>0.593191</td>\n",
       "      <td>0.304160</td>\n",
       "      <td>0.396677</td>\n",
       "      <td>0.278589</td>\n",
       "      <td>0.373342</td>\n",
       "      <td>0.286791</td>\n",
       "      <td>0.236073</td>\n",
       "      <td>0.573881</td>\n",
       "      <td>0.324671</td>\n",
       "    </tr>\n",
       "    <tr>\n",
       "      <th>GOOGL</th>\n",
       "      <td>0.584207</td>\n",
       "      <td>0.626238</td>\n",
       "      <td>0.354144</td>\n",
       "      <td>1.000000</td>\n",
       "      <td>0.055328</td>\n",
       "      <td>0.345396</td>\n",
       "      <td>0.441374</td>\n",
       "      <td>0.555637</td>\n",
       "      <td>0.632680</td>\n",
       "      <td>0.534694</td>\n",
       "      <td>0.106241</td>\n",
       "      <td>0.438161</td>\n",
       "      <td>0.104076</td>\n",
       "      <td>0.406291</td>\n",
       "      <td>0.190522</td>\n",
       "    </tr>\n",
       "    <tr>\n",
       "      <th>JNJ</th>\n",
       "      <td>0.155364</td>\n",
       "      <td>0.014776</td>\n",
       "      <td>0.389789</td>\n",
       "      <td>0.055328</td>\n",
       "      <td>1.000000</td>\n",
       "      <td>0.216403</td>\n",
       "      <td>0.238807</td>\n",
       "      <td>0.000712</td>\n",
       "      <td>0.055726</td>\n",
       "      <td>-0.113616</td>\n",
       "      <td>0.434545</td>\n",
       "      <td>-0.007572</td>\n",
       "      <td>0.225296</td>\n",
       "      <td>0.253690</td>\n",
       "      <td>0.209650</td>\n",
       "    </tr>\n",
       "    <tr>\n",
       "      <th>JPM</th>\n",
       "      <td>0.395583</td>\n",
       "      <td>0.391711</td>\n",
       "      <td>0.624341</td>\n",
       "      <td>0.345396</td>\n",
       "      <td>0.216403</td>\n",
       "      <td>1.000000</td>\n",
       "      <td>0.519343</td>\n",
       "      <td>0.313231</td>\n",
       "      <td>0.361841</td>\n",
       "      <td>0.359624</td>\n",
       "      <td>0.195634</td>\n",
       "      <td>0.349068</td>\n",
       "      <td>0.159338</td>\n",
       "      <td>0.514264</td>\n",
       "      <td>0.234454</td>\n",
       "    </tr>\n",
       "    <tr>\n",
       "      <th>MA</th>\n",
       "      <td>0.565454</td>\n",
       "      <td>0.474457</td>\n",
       "      <td>0.593191</td>\n",
       "      <td>0.441374</td>\n",
       "      <td>0.238807</td>\n",
       "      <td>0.519343</td>\n",
       "      <td>1.000000</td>\n",
       "      <td>0.422303</td>\n",
       "      <td>0.533408</td>\n",
       "      <td>0.422743</td>\n",
       "      <td>0.356365</td>\n",
       "      <td>0.341209</td>\n",
       "      <td>0.193461</td>\n",
       "      <td>0.886285</td>\n",
       "      <td>0.306808</td>\n",
       "    </tr>\n",
       "    <tr>\n",
       "      <th>META</th>\n",
       "      <td>0.483971</td>\n",
       "      <td>0.605264</td>\n",
       "      <td>0.304160</td>\n",
       "      <td>0.555637</td>\n",
       "      <td>0.000712</td>\n",
       "      <td>0.313231</td>\n",
       "      <td>0.422303</td>\n",
       "      <td>1.000000</td>\n",
       "      <td>0.596142</td>\n",
       "      <td>0.501608</td>\n",
       "      <td>0.092413</td>\n",
       "      <td>0.351028</td>\n",
       "      <td>0.019145</td>\n",
       "      <td>0.368827</td>\n",
       "      <td>0.181918</td>\n",
       "    </tr>\n",
       "    <tr>\n",
       "      <th>MSFT</th>\n",
       "      <td>0.626463</td>\n",
       "      <td>0.668911</td>\n",
       "      <td>0.396677</td>\n",
       "      <td>0.632680</td>\n",
       "      <td>0.055726</td>\n",
       "      <td>0.361841</td>\n",
       "      <td>0.533408</td>\n",
       "      <td>0.596142</td>\n",
       "      <td>1.000000</td>\n",
       "      <td>0.638622</td>\n",
       "      <td>0.197273</td>\n",
       "      <td>0.429672</td>\n",
       "      <td>0.127833</td>\n",
       "      <td>0.482083</td>\n",
       "      <td>0.250186</td>\n",
       "    </tr>\n",
       "    <tr>\n",
       "      <th>NVDA</th>\n",
       "      <td>0.518261</td>\n",
       "      <td>0.563993</td>\n",
       "      <td>0.278589</td>\n",
       "      <td>0.534694</td>\n",
       "      <td>-0.113616</td>\n",
       "      <td>0.359624</td>\n",
       "      <td>0.422743</td>\n",
       "      <td>0.501608</td>\n",
       "      <td>0.638622</td>\n",
       "      <td>1.000000</td>\n",
       "      <td>0.006220</td>\n",
       "      <td>0.478133</td>\n",
       "      <td>0.053544</td>\n",
       "      <td>0.385128</td>\n",
       "      <td>0.118072</td>\n",
       "    </tr>\n",
       "    <tr>\n",
       "      <th>PG</th>\n",
       "      <td>0.269344</td>\n",
       "      <td>0.097836</td>\n",
       "      <td>0.373342</td>\n",
       "      <td>0.106241</td>\n",
       "      <td>0.434545</td>\n",
       "      <td>0.195634</td>\n",
       "      <td>0.356365</td>\n",
       "      <td>0.092413</td>\n",
       "      <td>0.197273</td>\n",
       "      <td>0.006220</td>\n",
       "      <td>1.000000</td>\n",
       "      <td>0.046455</td>\n",
       "      <td>0.199950</td>\n",
       "      <td>0.348097</td>\n",
       "      <td>0.358776</td>\n",
       "    </tr>\n",
       "    <tr>\n",
       "      <th>TSLA</th>\n",
       "      <td>0.507357</td>\n",
       "      <td>0.465923</td>\n",
       "      <td>0.286791</td>\n",
       "      <td>0.438161</td>\n",
       "      <td>-0.007572</td>\n",
       "      <td>0.349068</td>\n",
       "      <td>0.341209</td>\n",
       "      <td>0.351028</td>\n",
       "      <td>0.429672</td>\n",
       "      <td>0.478133</td>\n",
       "      <td>0.046455</td>\n",
       "      <td>1.000000</td>\n",
       "      <td>0.085338</td>\n",
       "      <td>0.351753</td>\n",
       "      <td>0.191788</td>\n",
       "    </tr>\n",
       "    <tr>\n",
       "      <th>UNH</th>\n",
       "      <td>0.132460</td>\n",
       "      <td>0.089120</td>\n",
       "      <td>0.236073</td>\n",
       "      <td>0.104076</td>\n",
       "      <td>0.225296</td>\n",
       "      <td>0.159338</td>\n",
       "      <td>0.193461</td>\n",
       "      <td>0.019145</td>\n",
       "      <td>0.127833</td>\n",
       "      <td>0.053544</td>\n",
       "      <td>0.199950</td>\n",
       "      <td>0.085338</td>\n",
       "      <td>1.000000</td>\n",
       "      <td>0.216503</td>\n",
       "      <td>0.133416</td>\n",
       "    </tr>\n",
       "    <tr>\n",
       "      <th>V</th>\n",
       "      <td>0.531428</td>\n",
       "      <td>0.432645</td>\n",
       "      <td>0.573881</td>\n",
       "      <td>0.406291</td>\n",
       "      <td>0.253690</td>\n",
       "      <td>0.514264</td>\n",
       "      <td>0.886285</td>\n",
       "      <td>0.368827</td>\n",
       "      <td>0.482083</td>\n",
       "      <td>0.385128</td>\n",
       "      <td>0.348097</td>\n",
       "      <td>0.351753</td>\n",
       "      <td>0.216503</td>\n",
       "      <td>1.000000</td>\n",
       "      <td>0.279175</td>\n",
       "    </tr>\n",
       "    <tr>\n",
       "      <th>WMT</th>\n",
       "      <td>0.291003</td>\n",
       "      <td>0.257946</td>\n",
       "      <td>0.324671</td>\n",
       "      <td>0.190522</td>\n",
       "      <td>0.209650</td>\n",
       "      <td>0.234454</td>\n",
       "      <td>0.306808</td>\n",
       "      <td>0.181918</td>\n",
       "      <td>0.250186</td>\n",
       "      <td>0.118072</td>\n",
       "      <td>0.358776</td>\n",
       "      <td>0.191788</td>\n",
       "      <td>0.133416</td>\n",
       "      <td>0.279175</td>\n",
       "      <td>1.000000</td>\n",
       "    </tr>\n",
       "  </tbody>\n",
       "</table>\n",
       "</div>"
      ],
      "text/plain": [
       "Ticker      AAPL      AMZN     BRK-B     GOOGL       JNJ       JPM        MA  \\\n",
       "Ticker                                                                         \n",
       "AAPL    1.000000  0.561356  0.483853  0.584207  0.155364  0.395583  0.565454   \n",
       "AMZN    0.561356  1.000000  0.381748  0.626238  0.014776  0.391711  0.474457   \n",
       "BRK-B   0.483853  0.381748  1.000000  0.354144  0.389789  0.624341  0.593191   \n",
       "GOOGL   0.584207  0.626238  0.354144  1.000000  0.055328  0.345396  0.441374   \n",
       "JNJ     0.155364  0.014776  0.389789  0.055328  1.000000  0.216403  0.238807   \n",
       "JPM     0.395583  0.391711  0.624341  0.345396  0.216403  1.000000  0.519343   \n",
       "MA      0.565454  0.474457  0.593191  0.441374  0.238807  0.519343  1.000000   \n",
       "META    0.483971  0.605264  0.304160  0.555637  0.000712  0.313231  0.422303   \n",
       "MSFT    0.626463  0.668911  0.396677  0.632680  0.055726  0.361841  0.533408   \n",
       "NVDA    0.518261  0.563993  0.278589  0.534694 -0.113616  0.359624  0.422743   \n",
       "PG      0.269344  0.097836  0.373342  0.106241  0.434545  0.195634  0.356365   \n",
       "TSLA    0.507357  0.465923  0.286791  0.438161 -0.007572  0.349068  0.341209   \n",
       "UNH     0.132460  0.089120  0.236073  0.104076  0.225296  0.159338  0.193461   \n",
       "V       0.531428  0.432645  0.573881  0.406291  0.253690  0.514264  0.886285   \n",
       "WMT     0.291003  0.257946  0.324671  0.190522  0.209650  0.234454  0.306808   \n",
       "\n",
       "Ticker      META      MSFT      NVDA        PG      TSLA       UNH         V  \\\n",
       "Ticker                                                                         \n",
       "AAPL    0.483971  0.626463  0.518261  0.269344  0.507357  0.132460  0.531428   \n",
       "AMZN    0.605264  0.668911  0.563993  0.097836  0.465923  0.089120  0.432645   \n",
       "BRK-B   0.304160  0.396677  0.278589  0.373342  0.286791  0.236073  0.573881   \n",
       "GOOGL   0.555637  0.632680  0.534694  0.106241  0.438161  0.104076  0.406291   \n",
       "JNJ     0.000712  0.055726 -0.113616  0.434545 -0.007572  0.225296  0.253690   \n",
       "JPM     0.313231  0.361841  0.359624  0.195634  0.349068  0.159338  0.514264   \n",
       "MA      0.422303  0.533408  0.422743  0.356365  0.341209  0.193461  0.886285   \n",
       "META    1.000000  0.596142  0.501608  0.092413  0.351028  0.019145  0.368827   \n",
       "MSFT    0.596142  1.000000  0.638622  0.197273  0.429672  0.127833  0.482083   \n",
       "NVDA    0.501608  0.638622  1.000000  0.006220  0.478133  0.053544  0.385128   \n",
       "PG      0.092413  0.197273  0.006220  1.000000  0.046455  0.199950  0.348097   \n",
       "TSLA    0.351028  0.429672  0.478133  0.046455  1.000000  0.085338  0.351753   \n",
       "UNH     0.019145  0.127833  0.053544  0.199950  0.085338  1.000000  0.216503   \n",
       "V       0.368827  0.482083  0.385128  0.348097  0.351753  0.216503  1.000000   \n",
       "WMT     0.181918  0.250186  0.118072  0.358776  0.191788  0.133416  0.279175   \n",
       "\n",
       "Ticker       WMT  \n",
       "Ticker            \n",
       "AAPL    0.291003  \n",
       "AMZN    0.257946  \n",
       "BRK-B   0.324671  \n",
       "GOOGL   0.190522  \n",
       "JNJ     0.209650  \n",
       "JPM     0.234454  \n",
       "MA      0.306808  \n",
       "META    0.181918  \n",
       "MSFT    0.250186  \n",
       "NVDA    0.118072  \n",
       "PG      0.358776  \n",
       "TSLA    0.191788  \n",
       "UNH     0.133416  \n",
       "V       0.279175  \n",
       "WMT     1.000000  "
      ]
     },
     "metadata": {},
     "output_type": "display_data"
    }
   ],
   "source": [
    "log_returns = np.log(close_prices / close_prices.shift(1)).dropna()\n",
    "\n",
    "cov_matrix = log_returns.cov()\n",
    "corr_matrix = log_returns.corr()\n",
    "\n",
    "# cholesky factor for generating correlated shocks\n",
    "chol_factor = np.linalg.cholesky(cov_matrix)\n",
    "\n",
    "# drift for geometric brownian motion\n",
    "daily_variance = np.diag(cov_matrix)\n",
    "mean_log_returns = log_returns.mean()\n",
    "drift = mean_log_returns.values - daily_variance / 2\n",
    "\n",
    "print('Average log daily returns:')\n",
    "display(mean_log_returns)\n",
    "print('Covariance matrix:')\n",
    "display(cov_matrix)\n",
    "print('Correlation matrix:')\n",
    "display(corr_matrix)"
   ]
  },
  {
   "cell_type": "code",
   "execution_count": 12,
   "id": "75c0394b",
   "metadata": {},
   "outputs": [],
   "source": [
    "# adjust simulation parameters\n",
    "n_sims = 10000\n",
    "n_days = 252\n",
    "\n",
    "# adjust weights here\n",
    "portfolio_config = [\n",
    "    {\"symbol\": \"AAPL\", \"weight\": 0.3},\n",
    "    {\"symbol\": \"AMZN\", \"weight\": 0.},\n",
    "    {\"symbol\": \"BRK-B\", \"weight\": 0.},\n",
    "    {\"symbol\": \"GOOGL\", \"weight\": 0.},\n",
